GPCC precip area-mean E_Australia lat[-37.0,-28.0] lon0360[144.0,152.0]
1950 2019
67.86	119.73	138.29	68.21	51.45	118.89	109.74	30.11	49.43	117.88	114.10	26.86
75.26	42.51	26.82	19.44	42.83	95.47	34.65	45.31	47.58	26.51	21.20	21.23
13.40	41.41	67.47	85.75	65.89	75.96	62.13	77.23	26.94	84.63	47.18	47.16
47.23	69.88	18.40	46.00	67.22	20.58	18.04	56.09	32.67	49.67	40.03	22.67
77.19	101.54	3.70	21.81	8.41	38.84	33.82	30.81	25.16	92.08	73.90	57.96
65.23	161.00	36.08	55.19	52.88	42.36	41.52	53.23	35.63	105.01	50.27	44.06
87.38	155.73	183.63	75.12	79.49	97.56	81.20	23.02	33.72	69.54	17.47	26.99
19.28	59.89	30.59	21.45	2.85	48.86	41.62	36.40	8.39	12.48	13.38	49.20
61.91	46.53	54.85	29.14	43.23	60.53	29.47	48.73	49.50	53.61	39.57	54.06
67.18	91.65	99.78	41.82	16.84	42.44	47.21	16.47	27.84	91.23	45.25	43.87
59.44	33.00	27.82	41.45	46.12	24.38	82.19	29.49	59.26	31.17	57.92	66.98
34.82	55.93	50.17	60.48	9.85	41.91	44.31	53.92	17.85	33.96	132.87	77.57
115.92	33.51	59.48	27.56	57.58	19.78	43.15	51.83	45.68	35.57	22.95	104.42
94.24	32.22	97.57	44.66	91.94	66.12	34.23	51.53	44.80	36.25	40.06	68.88
52.39	26.75	27.32	76.48	34.79	65.93	47.16	30.52	67.21	68.54	27.01	24.75
9.96	7.71	4.46	23.62	19.37	25.14	29.25	38.47	31.68	51.73	39.86	69.30
16.78	30.17	51.10	14.07	38.15	32.56	24.36	77.61	40.64	57.50	72.99	69.41
33.79	20.48	69.49	6.01	25.64	62.75	16.12	52.06	23.38	35.51	10.97	19.24
104.96	18.55	40.14	33.98	103.76	23.98	37.48	48.69	20.54	18.18	27.66	69.89
24.13	76.98	102.64	48.59	52.01	48.96	46.04	44.22	42.42	71.89	76.37	30.14
71.88	32.68	43.78	58.92	24.42	25.07	6.13	43.33	97.03	35.55	60.82	100.18
110.04	102.69	38.91	24.03	23.39	17.98	52.42	46.36	36.76	12.71	69.57	70.52
109.37	42.29	22.92	28.98	24.13	22.25	10.73	43.06	20.36	56.06	47.99	19.19
61.09	132.83	31.86	46.98	15.79	62.70	50.97	55.55	40.29	109.10	84.87	79.56
173.02	60.43	47.33	133.39	57.91	39.76	41.34	68.35	41.92	74.77	43.08	11.08
33.71	88.70	69.07	25.32	12.52	78.13	40.41	43.01	63.52	84.13	23.35	68.51
150.15	150.00	61.30	11.19	11.45	42.91	41.28	18.30	38.32	110.48	45.26	29.10
39.46	106.12	76.01	27.16	105.51	39.23	9.52	11.55	27.39	14.20	21.09	13.56
124.22	13.60	98.74	16.65	99.95	81.16	49.72	34.00	80.27	41.79	60.89	67.36
23.85	9.68	61.78	27.38	51.76	44.19	13.92	29.91	51.70	43.20	36.55	7.42
43.34	23.19	19.72	19.13	61.56	36.36	31.54	21.45	10.14	37.21	15.05	60.45
21.02	77.07	22.56	23.56	88.49	62.63	77.39	30.54	18.36	53.57	59.45	36.37
44.64	22.13	95.53	9.72	15.42	20.43	11.59	4.11	34.20	20.34	5.89	31.99
27.78	30.21	82.10	67.78	123.41	42.57	44.32	51.87	43.57	66.99	75.81	74.09
166.18	63.11	31.70	62.54	11.36	28.16	101.98	42.18	40.02	42.94	52.94	28.58
9.34	25.23	32.58	43.50	35.80	33.72	30.89	75.92	33.53	79.39	78.94	70.01
38.39	18.53	4.82	18.66	36.74	16.48	77.96	72.57	53.03	47.30	63.19	33.39
34.93	42.53	55.88	10.68	45.17	57.13	32.31	75.54	14.09	48.08	54.73	61.81
45.97	43.91	53.06	116.11	51.98	48.74	77.01	36.86	60.19	8.56	59.69	107.16
29.27	23.62	123.69	95.05	81.14	66.91	46.58	26.74	9.72	35.15	44.68	39.54
40.96	89.94	39.56	176.14	64.45	39.79	68.93	57.18	32.09	31.03	10.37	24.63
80.88	43.56	14.35	9.43	43.95	93.20	51.55	27.82	26.12	12.59	22.60	97.15
44.24	108.04	20.06	31.63	25.42	33.80	20.66	62.14	43.24	68.14	70.62	122.85
54.13	42.50	49.80	3.96	34.33	30.00	83.68	25.73	67.87	74.57	42.94	55.36
18.48	100.14	46.94	20.84	8.62	35.14	13.35	8.90	10.64	26.18	50.67	35.69
155.41	26.26	20.64	14.90	87.43	51.61	32.37	7.04	51.76	42.13	93.35	48.54
98.77	32.73	19.65	29.65	58.78	50.50	64.40	56.08	52.49	38.79	45.48	63.83
62.81	63.57	29.62	1.64	51.57	46.21	16.09	22.22	64.87	41.49	29.52	49.03
60.06	40.63	4.26	62.76	50.95	71.81	102.06	93.90	81.01	48.84	57.71	26.03
66.30	41.17	68.49	44.14	25.40	60.40	30.15	45.36	38.11	101.22	59.62	97.00
27.05	46.36	109.93	46.16	65.96	32.61	26.88	43.84	27.72	72.91	131.91	18.75
56.34	46.74	60.28	31.57	22.98	42.60	51.92	33.63	28.83	50.49	50.18	20.82
25.26	94.91	38.49	21.10	19.31	27.32	10.56	16.76	29.53	7.84	15.45	40.81
6.98	76.06	28.53	56.45	36.86	41.26	37.96	64.12	13.90	51.79	41.92	51.57
70.51	42.09	35.20	25.10	25.81	35.11	29.23	39.54	46.00	37.25	61.63	88.88
34.16	45.20	23.63	7.09	14.49	111.76	31.46	36.03	61.75	62.50	65.29	27.48
48.22	31.06	23.75	20.05	10.55	50.58	51.03	13.32	28.52	5.76	27.78	26.57
34.64	58.50	44.15	33.47	47.99	82.64	21.88	28.10	9.03	29.79	82.87	105.80
74.08	76.09	24.81	23.21	11.44	50.22	33.00	36.76	38.38	32.72	81.77	56.37
25.73	65.95	26.44	45.18	40.63	54.09	23.43	14.84	31.22	42.84	27.70	89.25
39.70	121.52	77.46	30.27	52.39	32.97	72.71	54.09	59.26	95.67	122.09	97.95
54.63	84.35	64.10	31.22	36.08	32.47	32.67	44.16	53.01	38.48	112.59	73.59
94.85	123.26	101.49	27.19	26.07	46.70	46.84	17.96	20.29	19.26	34.19	33.47
55.69	78.89	34.17	15.27	35.42	79.63	33.47	19.60	37.67	12.84	46.26	24.21
19.55	60.08	81.24	44.17	35.71	40.71	18.58	52.14	26.31	22.01	21.94	77.14
83.17	26.21	19.92	88.44	37.69	55.45	45.96	45.87	14.91	31.00	60.33	41.72
101.25	9.79	26.71	26.70	55.47	132.80	53.35	63.37	122.45	45.14	25.79	54.45
43.08	22.51	102.48	33.99	35.57	21.83	21.75	29.34	7.23	63.49	42.66	71.32
33.13	34.54	26.49	14.60	17.93	38.14	13.90	28.17	15.13	52.02	59.04	42.37
35.91	18.21	59.77	21.15	35.53	29.46	19.72	15.75	17.59	15.26	27.30	5.01
