GPCC precip area-mean EastAfrica_SR lat[-5.0,5.0] lon0360[36.0,45.0]
1950 2019
10.14	8.40	69.85	114.25	92.87	16.74	21.73	13.65	14.65	22.35	38.91	13.23
10.48	11.89	73.81	180.52	176.83	32.43	38.13	14.90	11.00	120.94	115.06	96.81
6.05	15.92	23.01	89.08	60.76	28.87	7.20	10.82	21.50	48.02	81.72	25.17
24.87	11.38	31.10	108.50	109.53	14.67	32.17	28.19	15.82	77.08	85.32	27.60
9.21	9.53	16.62	150.94	83.20	22.76	17.95	21.35	8.04	28.67	69.39	26.60
14.83	23.27	22.08	100.82	92.73	27.46	17.72	15.27	7.61	21.17	45.22	48.69
55.24	12.70	42.54	113.29	40.05	23.48	11.04	9.48	7.91	27.06	90.12	30.09
33.65	14.26	44.02	136.88	119.68	21.56	18.87	9.69	13.80	42.91	126.25	68.99
13.40	42.64	37.26	111.15	72.07	41.52	30.57	12.59	7.43	19.74	31.44	50.61
24.73	16.80	37.62	135.16	64.78	24.03	36.65	19.22	6.55	27.33	61.70	27.93
16.39	11.36	117.65	147.31	83.41	35.95	20.26	10.00	6.40	70.50	39.97	29.13
7.52	17.14	21.14	92.30	51.96	20.50	69.00	44.86	83.19	135.46	319.61	73.73
38.58	11.30	48.34	111.09	82.91	19.76	20.08	20.13	10.53	42.61	57.18	45.50
22.69	18.37	46.03	199.18	73.75	29.20	18.40	14.89	26.60	19.70	168.09	108.12
25.34	22.33	49.31	163.04	90.67	26.84	21.63	20.64	10.28	27.49	19.28	94.48
19.36	5.79	18.85	81.66	34.72	32.13	12.66	10.53	15.13	78.57	129.60	19.23
18.49	31.32	76.26	149.56	53.62	45.50	12.62	20.14	12.40	85.54	61.64	11.94
4.52	9.41	26.83	143.75	129.52	48.50	28.33	32.57	42.01	93.31	157.71	21.43
3.13	58.22	120.86	206.93	97.70	48.20	35.34	11.35	5.92	65.01	178.87	69.31
31.06	39.47	59.17	51.17	91.02	16.36	14.19	18.21	7.74	62.37	93.30	17.29
58.66	9.90	87.50	138.85	71.85	27.94	18.83	14.75	11.54	37.81	24.42	26.64
11.23	5.80	19.27	132.64	87.31	44.51	15.43	11.17	9.91	50.77	50.10	36.61
15.26	32.81	16.74	69.85	144.34	25.93	22.84	13.27	26.36	117.64	103.38	28.45
24.20	22.93	8.86	82.24	60.16	46.07	12.81	12.39	16.12	39.24	64.49	16.83
7.10	8.71	70.58	107.53	55.55	23.61	34.45	14.40	6.61	21.90	45.66	26.40
16.20	5.10	21.80	96.68	78.19	42.41	48.75	15.68	18.79	28.36	42.38	17.91
6.51	14.85	15.15	98.92	85.46	28.02	22.17	8.90	24.18	29.35	54.78	43.93
23.44	16.99	36.28	170.53	53.83	23.50	17.00	31.83	14.00	116.85	164.95	52.12
35.06	46.59	105.12	128.96	78.28	21.04	25.38	9.01	12.93	97.67	86.88	80.04
78.85	31.66	63.48	122.91	112.97	52.61	33.31	8.67	9.69	35.76	71.27	44.41
12.64	7.50	19.73	81.46	88.69	16.92	29.89	41.61	11.31	24.52	78.24	20.30
6.46	10.40	147.60	196.23	101.58	18.64	21.05	31.72	15.98	56.92	44.91	36.20
5.79	7.87	24.36	133.78	140.26	38.10	30.03	12.11	31.22	137.57	115.20	50.12
7.16	25.31	13.25	89.92	94.85	52.52	26.03	20.18	14.67	22.56	34.90	44.43
8.53	3.78	13.48	90.94	48.67	51.52	25.69	3.83	13.11	58.90	114.57	38.22
9.99	29.35	63.96	135.74	104.79	13.21	18.28	15.88	23.78	45.28	56.81	27.49
14.50	4.78	35.40	158.39	121.01	25.10	11.04	11.07	13.34	34.72	82.13	56.29
18.23	8.18	25.67	86.93	143.63	27.25	14.25	47.26	10.23	24.25	57.40	15.96
25.00	7.00	57.17	184.34	24.45	51.12	20.29	17.18	29.20	33.39	78.20	66.71
33.51	14.75	46.82	150.97	80.65	22.50	17.54	13.43	17.93	60.23	140.44	65.02
17.19	48.63	104.72	167.67	46.36	8.42	8.14	5.51	11.27	62.19	67.36	74.72
17.57	6.06	49.90	94.54	102.26	19.46	39.03	16.71	5.83	30.60	51.00	55.42
5.62	11.82	15.28	115.52	67.52	23.66	27.03	12.53	15.64	39.36	96.23	81.08
70.57	31.03	17.92	87.42	96.79	36.46	14.41	9.66	7.98	46.23	61.67	30.40
6.61	14.02	37.20	108.03	95.75	25.03	27.73	14.72	17.33	74.21	147.95	76.69
7.48	27.76	68.62	120.72	71.67	13.02	21.16	29.76	13.37	74.00	57.71	41.72
12.35	17.58	55.94	80.09	87.51	32.13	23.31	13.69	7.61	20.87	79.77	11.76
4.37	3.63	51.16	185.63	63.88	63.76	32.39	8.65	12.90	300.44	254.25	136.77
156.12	49.68	36.52	128.42	111.85	51.40	24.61	12.87	8.45	18.67	51.99	13.74
9.97	4.86	67.38	85.04	53.22	37.54	26.23	18.62	9.35	29.31	97.07	44.05
6.89	4.29	22.78	47.93	76.95	28.99	17.44	12.96	14.89	47.53	60.20	44.77
44.19	12.40	54.04	96.55	66.20	36.37	14.75	13.96	15.22	25.30	100.73	37.49
22.96	10.82	51.75	148.97	55.82	24.13	13.35	18.03	30.43	86.89	64.07	100.14
8.41	8.73	25.10	140.86	90.66	28.28	21.11	17.10	11.25	42.58	76.46	42.68
32.98	19.12	31.25	108.90	24.21	55.68	14.74	8.45	12.93	77.25	109.70	36.32
13.07	6.75	29.27	80.70	103.90	15.53	39.67	8.61	7.91	26.37	48.08	7.86
10.81	14.41	47.61	165.35	54.01	36.50	18.51	20.85	32.87	147.87	167.20	101.64
19.97	14.94	24.78	74.01	105.75	33.24	22.85	35.76	38.20	60.30	62.30	22.91
28.24	8.25	56.14	92.10	64.32	29.79	16.05	12.09	18.09	52.36	72.38	11.41
21.03	10.70	24.44	60.29	40.48	31.88	20.32	6.17	4.99	129.73	38.49	62.73
26.54	33.34	90.48	129.74	66.34	29.10	23.11	17.82	9.26	24.64	48.67	20.53
7.06	18.53	32.19	42.74	51.22	12.42	20.50	16.00	21.04	137.53	167.47	37.24
7.43	9.88	16.62	109.39	67.43	18.74	13.76	23.13	14.76	77.92	74.56	60.68
21.56	5.42	104.44	151.02	83.78	19.55	16.51	15.44	14.99	44.59	87.74	40.28
5.12	23.13	56.93	66.88	77.85	28.97	19.64	17.16	15.85	73.60	79.43	38.51
7.56	13.55	35.66	114.26	92.98	20.18	24.48	14.49	12.81	64.90	108.60	46.62
25.11	18.81	22.75	138.21	45.59	21.38	10.96	13.35	7.10	16.05	72.90	25.93
9.78	15.54	34.03	102.00	89.93	24.93	23.50	21.54	19.23	50.76	117.54	19.46
10.07	10.58	116.06	223.98	129.29	32.34	19.97	12.34	19.60	68.53	49.66	36.37
13.46	12.95	12.56	53.09	115.03	18.81	17.88	13.48	26.80	212.03	144.24	99.28
