GPCC precip area-mean Florida lat[25.0,31.0] lon0360[273.0,280.0]
1950 2019
9.50	25.37	100.20	71.01	83.62	105.27	213.74	157.47	180.66	158.87	22.22	72.16
25.60	45.02	83.53	99.36	62.93	121.54	197.98	144.79	185.33	118.73	103.02	66.59
30.69	149.83	93.91	56.22	98.18	92.93	136.43	206.91	170.96	149.94	28.65	35.10
81.34	85.50	77.14	166.80	36.79	198.94	192.44	250.29	282.62	129.41	84.21	149.15
24.97	45.29	64.00	83.27	111.19	144.51	195.11	116.07	164.09	67.76	63.22	49.54
68.72	47.51	37.51	58.56	75.38	160.43	180.05	138.99	151.30	70.78	30.92	33.26
61.65	62.40	33.33	68.22	90.77	137.76	148.60	141.87	152.88	162.48	14.16	22.37
24.90	73.18	113.21	118.68	153.68	191.54	206.53	197.30	272.51	84.38	74.68	62.68
130.16	78.18	159.08	114.39	135.97	160.72	170.11	141.36	93.42	109.61	54.30	89.41
91.76	86.77	222.64	96.73	170.52	212.82	204.26	194.45	207.36	211.08	62.52	44.86
44.44	130.87	148.60	103.79	67.93	172.96	264.13	170.48	314.22	91.08	25.14	43.47
83.41	76.66	60.36	74.29	100.13	147.44	137.39	220.43	70.61	36.47	45.85	48.54
44.82	33.19	95.82	74.44	49.66	211.80	165.89	182.86	218.46	46.41	80.00	38.28
77.34	133.98	40.39	22.39	117.91	174.85	172.88	138.21	204.60	27.62	104.16	88.86
141.79	132.24	80.39	110.35	78.16	141.17	221.25	207.32	196.91	122.32	53.46	111.32
43.49	107.80	107.24	65.31	24.36	251.88	206.18	173.55	171.70	120.57	42.64	71.73
132.94	136.83	47.76	60.06	148.69	229.66	180.20	187.14	190.13	79.99	21.74	49.21
70.65	98.48	29.42	10.70	49.89	220.88	191.76	208.48	118.15	77.13	24.83	98.73
26.49	55.37	37.30	27.00	149.71	249.40	204.14	181.32	134.53	132.81	68.92	52.59
43.44	76.96	145.73	41.30	131.83	155.43	206.10	223.00	217.27	148.47	55.06	109.86
98.16	96.34	192.59	40.75	109.48	144.42	150.50	224.93	114.29	108.08	18.34	35.72
38.00	96.71	51.73	46.11	73.93	137.52	190.55	197.10	133.90	125.89	46.23	79.76
76.80	104.21	113.33	51.27	123.79	210.34	106.78	182.32	62.66	67.11	127.60	76.04
112.65	76.44	130.58	125.77	93.28	152.72	186.40	180.37	173.90	50.27	35.73	95.17
33.78	42.79	60.45	46.88	97.94	245.21	216.76	196.36	187.56	27.40	30.93	70.38
84.68	63.44	59.26	88.98	138.16	166.19	266.66	145.62	186.21	123.71	36.53	56.78
49.02	31.80	62.79	49.51	226.20	185.06	121.08	165.21	150.56	88.36	92.59	95.42
82.79	57.96	49.39	30.75	79.16	109.14	158.90	222.27	181.23	35.96	89.02	114.46
98.28	101.77	102.48	57.54	129.21	170.18	225.31	157.47	96.42	60.77	42.20	89.88
157.66	71.69	43.95	113.81	170.25	95.47	196.21	176.99	330.77	35.85	66.56	70.08
89.95	45.28	118.76	122.49	111.78	126.36	188.82	128.38	123.85	82.16	81.12	20.82
16.06	111.81	75.40	14.67	55.10	129.99	158.61	257.64	126.22	47.40	55.14	75.42
60.19	88.69	131.81	139.98	114.33	256.39	220.36	152.94	184.27	88.57	52.61	76.17
97.72	182.61	170.21	135.31	44.29	223.79	124.87	160.16	185.32	111.55	87.40	152.19
46.62	93.19	122.57	118.45	118.96	123.14	255.89	127.39	132.28	36.50	73.61	14.71
44.30	34.75	58.76	70.17	66.91	165.30	205.63	258.94	172.99	126.46	73.32	70.26
101.29	96.44	96.81	17.83	56.38	181.94	158.01	217.51	109.43	112.81	81.25	117.38
110.07	100.14	209.39	12.44	100.32	142.34	152.21	135.27	151.52	59.89	143.33	21.93
94.99	102.01	123.44	48.01	63.82	123.41	186.60	225.50	213.61	47.89	85.43	29.53
43.43	27.01	80.85	66.67	68.54	215.39	177.89	142.67	176.27	86.51	52.25	100.33
45.30	98.75	60.95	58.38	69.50	132.38	180.83	158.75	95.67	100.76	26.01	35.17
212.18	35.77	183.22	140.96	190.52	195.61	268.80	171.97	110.28	88.00	20.56	26.99
89.27	109.20	85.27	71.55	47.68	305.42	119.89	251.61	139.63	98.32	112.89	30.58
153.39	77.36	126.85	56.81	56.79	115.78	136.82	137.12	140.81	154.41	48.02	50.80
141.13	57.42	91.53	88.36	65.17	230.33	216.77	224.53	209.89	170.78	97.41	81.50
76.74	49.26	75.82	90.89	85.49	236.50	195.04	251.18	158.03	178.03	62.30	39.41
76.33	48.15	189.89	79.70	95.79	179.67	136.95	189.73	138.07	172.01	23.68	74.49
71.34	57.58	58.06	152.04	94.60	175.40	195.99	162.60	142.68	102.36	123.70	181.58
105.63	207.30	145.58	31.49	41.08	57.41	193.77	168.01	316.86	48.70	71.82	36.72
94.34	31.72	38.61	41.81	92.96	237.79	142.97	170.72	179.31	124.94	49.72	44.62
53.31	26.39	65.93	52.96	22.51	145.83	169.48	135.00	247.84	52.24	52.05	40.47
27.76	14.07	179.25	26.67	54.86	216.61	249.39	177.29	273.56	73.22	42.69	34.17
82.72	62.03	73.60	60.34	61.21	257.98	190.13	195.63	162.08	93.95	87.97	155.28
31.23	103.35	169.83	73.49	105.04	269.22	188.86	222.81	160.05	81.91	61.99	59.10
53.69	133.30	21.13	58.72	39.94	202.74	188.70	259.83	305.00	65.09	58.58	58.55
40.35	68.47	149.27	130.99	102.20	296.20	184.24	177.91	117.97	141.69	74.08	78.72
39.83	104.74	8.39	37.42	70.49	149.29	171.68	179.48	143.68	49.22	43.50	84.76
63.19	59.30	28.12	55.67	35.04	152.89	189.89	122.61	172.64	138.23	26.68	57.36
61.82	97.45	85.13	86.80	47.34	140.22	203.88	304.52	82.27	101.02	48.31	44.32
48.25	37.91	89.58	91.42	220.23	140.52	154.68	160.54	145.21	57.52	60.74	133.80
99.74	89.67	135.97	79.77	89.71	139.81	158.81	185.96	125.56	21.08	60.53	27.29
110.56	53.16	108.17	47.90	47.13	122.34	158.38	143.53	141.77	158.05	31.33	43.96
32.65	63.42	71.47	62.71	122.77	308.67	139.48	258.92	144.65	89.77	12.49	65.24
24.49	106.34	53.72	98.37	127.24	198.00	283.35	171.66	142.82	47.87	85.05	70.16
104.01	84.45	125.48	119.30	102.21	136.22	184.94	134.26	211.33	67.79	99.42	68.36
67.79	86.44	44.46	101.29	67.74	135.16	198.32	198.72	169.23	53.86	114.44	94.85
144.26	83.68	88.29	75.99	110.20	170.52	118.28	179.73	162.74	84.19	8.52	68.09
74.87	46.41	35.26	49.26	94.12	299.56	205.53	193.18	215.12	123.54	43.14	40.65
74.52	60.00	51.82	96.09	222.21	164.17	204.80	183.25	119.98	61.80	77.91	174.80
105.18	50.14	52.62	75.06	79.89	196.80	193.31	215.41	48.80	133.58	45.34	117.29
