GPCC precip area-mean Iberia lat[37.0,43.0] lon0360[353.0,359.0]
1950 2019
22.28	46.69	27.56	22.35	74.10	26.46	8.26	13.93	27.35	40.56	38.39	76.69
72.67	85.53	97.72	65.43	56.84	28.92	16.97	16.00	56.60	42.34	142.02	40.93
46.80	20.50	93.27	65.55	74.70	28.84	43.75	34.01	26.91	42.08	52.85	63.47
26.11	25.28	23.87	74.68	13.75	50.86	7.85	6.33	26.48	94.48	26.27	57.65
27.11	33.12	75.11	42.37	38.43	31.17	6.17	10.62	6.47	14.86	80.41	30.31
118.21	99.28	35.20	34.41	39.55	41.55	14.86	21.26	23.87	70.32	87.87	111.46
74.38	36.39	122.58	81.90	50.90	16.69	8.97	23.94	44.61	40.67	33.48	26.04
22.16	51.51	33.81	58.39	70.33	54.76	3.27	10.47	34.78	57.79	50.32	45.55
64.14	32.18	77.63	41.24	39.18	45.11	7.15	15.42	19.52	38.18	16.53	200.66
51.68	33.01	76.25	44.98	90.72	30.11	19.39	30.93	77.74	75.88	79.91	104.58
77.61	122.50	97.57	27.96	57.27	41.12	11.36	10.04	30.34	190.12	78.19	82.57
44.80	8.85	20.93	59.05	68.67	29.66	20.96	11.12	69.60	54.17	149.19	99.78
70.24	38.39	120.49	70.53	40.07	37.16	3.91	2.03	41.15	77.74	54.95	81.85
124.39	105.97	45.60	80.04	26.95	54.03	18.44	10.86	55.42	22.44	150.32	124.50
11.14	123.45	82.57	34.47	22.89	52.45	14.00	6.00	28.04	23.13	35.20	57.31
64.35	53.81	69.10	17.60	17.45	12.82	4.74	9.96	77.46	106.57	95.72	69.75
113.46	128.23	7.52	96.91	32.96	46.29	7.85	5.95	30.60	115.19	65.20	13.02
45.85	61.66	34.09	45.84	54.93	35.36	6.16	9.21	13.43	42.95	121.41	20.02
10.08	119.65	56.96	60.11	40.87	21.54	5.25	19.83	15.36	31.41	84.04	71.06
84.85	96.94	117.92	63.62	61.30	38.15	12.56	18.97	75.14	70.68	84.47	47.14
193.07	20.04	28.41	16.10	42.48	47.26	9.42	12.57	5.70	18.32	50.28	42.53
88.43	12.36	63.06	113.99	123.62	55.41	35.89	13.92	18.19	23.82	38.07	51.79
88.95	103.00	70.57	25.65	44.33	31.36	15.38	15.58	76.62	115.50	63.55	62.88
53.15	20.68	33.45	23.43	79.52	54.40	17.85	14.32	10.63	61.76	43.61	69.73
57.45	61.62	68.26	71.74	24.68	62.93	17.70	18.03	10.12	36.00	55.02	13.36
45.40	54.58	88.32	61.59	72.62	41.96	1.90	23.62	39.58	14.36	36.91	59.69
23.46	54.36	25.76	85.82	43.56	33.98	37.27	40.16	62.54	83.50	54.64	118.11
111.81	88.59	24.34	23.94	62.64	54.95	27.99	22.47	16.20	82.88	58.45	111.31
57.74	119.48	45.94	80.86	64.94	45.25	1.11	6.89	12.90	20.56	35.65	148.29
129.76	131.70	71.62	58.30	34.65	30.78	23.75	5.99	38.80	138.24	32.58	34.81
38.48	47.10	56.32	44.82	77.43	26.92	8.27	14.76	18.46	46.51	65.60	20.16
11.70	30.49	39.45	85.62	40.66	22.28	12.50	17.90	33.58	23.76	1.55	155.47
52.03	42.22	25.80	33.69	47.94	24.52	17.67	11.97	45.66	56.82	103.27	42.52
1.52	35.90	18.32	78.27	31.53	19.06	15.31	51.01	5.98	17.17	125.65	79.57
40.11	35.14	76.24	46.61	99.28	40.34	3.67	11.04	16.03	53.02	162.95	22.82
88.28	85.81	24.81	64.44	59.42	21.06	10.57	1.00	8.09	5.20	78.59	79.91
48.40	94.32	30.51	59.82	27.39	14.21	10.16	4.48	65.79	69.26	37.08	30.41
97.06	72.87	19.91	64.47	18.99	17.84	46.91	16.52	32.57	101.28	60.98	110.47
95.39	32.05	11.37	95.23	72.43	104.02	21.69	3.39	7.39	65.57	64.70	6.57
22.62	51.21	39.13	78.10	65.67	23.52	14.65	16.42	47.75	36.64	152.49	168.45
50.05	7.71	24.24	73.46	33.26	19.23	11.23	15.79	34.27	87.06	58.19	31.54
36.83	65.63	83.62	46.07	20.76	14.24	12.53	3.84	49.67	65.69	44.52	24.66
18.00	35.43	34.08	43.41	50.34	82.30	10.24	26.51	25.98	99.84	13.96	53.05
7.60	29.63	29.18	56.52	84.29	38.66	5.42	11.75	36.27	132.15	52.09	17.89
56.40	59.25	6.44	34.96	73.33	9.35	5.36	5.79	26.43	66.49	54.97	35.23
37.20	43.75	18.72	18.10	28.06	38.09	11.76	17.98	21.46	14.64	90.90	157.78
176.74	45.19	45.40	36.54	83.69	13.82	12.98	19.90	55.16	28.21	77.17	189.04
119.82	5.23	2.71	48.82	78.02	47.37	38.54	37.34	51.00	48.81	176.11	123.22
44.69	38.71	23.67	61.05	95.83	24.12	4.88	12.55	58.75	20.41	24.60	37.68
37.41	24.71	44.13	40.35	40.62	19.66	19.86	12.43	68.91	127.88	28.39	45.87
19.00	6.88	27.27	121.14	66.83	12.76	10.52	5.57	19.86	64.51	103.14	132.93
126.05	46.76	113.49	14.09	49.51	7.83	15.07	10.01	39.75	85.31	37.34	30.76
46.38	16.49	67.16	60.23	45.14	27.08	7.65	23.83	56.87	61.49	93.97	96.65
81.45	75.18	47.04	55.59	33.19	17.87	5.37	21.49	37.13	140.88	78.43	54.38
33.10	59.61	70.47	53.25	75.29	15.12	11.05	23.02	21.33	93.80	24.63	39.43
7.74	31.42	29.26	30.56	27.31	14.93	3.09	6.73	20.05	94.92	47.78	43.09
43.43	45.31	61.54	44.01	29.94	39.68	14.02	14.05	46.27	108.75	100.55	32.31
31.25	65.80	40.99	85.10	75.65	32.89	2.61	20.15	38.79	50.02	41.22	16.42
41.05	40.03	25.31	108.06	108.50	35.97	7.05	5.41	38.98	90.38	42.40	58.21
68.71	42.86	40.21	39.08	20.70	21.03	3.62	11.83	33.37	44.24	40.85	184.80
99.82	129.49	77.22	53.77	41.45	58.27	6.80	15.17	31.28	69.06	62.86	137.01
51.21	48.94	62.63	64.51	56.16	19.92	7.61	14.67	13.38	39.75	85.76	17.07
17.07	9.68	19.74	76.31	36.33	10.32	10.37	3.89	59.46	86.13	105.31	37.82
75.30	60.34	161.90	52.53	39.29	20.13	15.56	16.20	38.75	63.79	27.22	69.97
84.53	86.69	44.46	43.26	24.27	21.79	19.39	4.73	55.16	61.38	120.97	31.33
48.12	41.83	48.18	44.11	11.34	40.71	12.13	14.60	32.74	73.09	42.61	16.41
84.64	73.56	47.07	92.68	75.98	8.21	9.91	4.83	14.23	54.83	91.27	46.47
29.52	61.40	45.50	30.53	39.20	27.18	18.77	21.71	8.18	25.08	44.33	53.74
62.32	58.90	139.26	77.50	60.06	47.55	14.47	10.61	30.39	69.77	91.46	28.23
43.55	20.35	20.77	86.10	18.52	13.45	18.83	15.82	48.59	46.00	87.40	91.52
