LAPrec_Como_Monte_ppt											
1901 2023											
2.68	60.3	246.39	144.97	100.27	198.49	233.23	92.12	162.4	180.21	63.41	148.88
37.31	135.54	97.67	85.01	95.66	146.62	89.39	186.56	137.1	146.97	70.75	82.44
87.33	37.12	61.58	150.78	236.15	151.25	166.04	161.63	82.23	217.19	90.94	105.18
17.89	131.79	164.38	56.03	118.07	141.44	85.73	72.49	177.18	46.08	60.99	76.43
34.65	51.76	66.22	112.39	284.11	92.49	134.22	271.65	175.97	27.53	171.61	9.67
19.46	72.3	73.42	127.17	77.73	54.94	139.99	59.49	64.51	90.24	273.87	20.27
24.65	22.98	13.82	87.75	89.13	160.98	96.34	74.72	116.69	375.85	38.96	93.33
3.99	21.02	84.05	102.25	147.79	156.99	192.64	215.78	116.04	65.65	25.19	26.98
4.32	70.88	123.93	58.55	69.42	211.01	93.73	148.7	72.3	189.79	60.65	107.13
63.63	59.48	91.9	148.75	106.72	182.11	106.51	161.28	48.09	131.64	100.82	230.16
12.28	20.78	88.26	71.63	110.84	229.82	31.79	210.27	133.81	271.54	213.3	114.91
64.15	83.06	147.47	53.08	82.86	132.3	179.87	260.47	31.26	191.17	51.59	18.24
26.97	11.35	176.31	154.45	107.99	97.27	132.35	130.67	138.72	217.26	94.97	20.45
28.1	122.88	107.85	77.71	229.88	106.08	224.62	178.12	40.25	222.32	36.34	129.24
88.34	162.59	51.9	64.82	172.11	116.83	185.25	67.39	185.51	25.04	64.9	101.27
4.62	135.31	282.73	77.96	156.06	239.32	88.1	152.43	132.06	101.19	246.26	229.39
110.15	11.99	125.4	127.01	231.15	66.35	147.09	238.13	27.09	247.62	21.77	53.63
40.82	17.97	109.33	171.49	78.13	167.45	105.18	91.43	262.27	178.47	44.5	59.79
191.71	40.66	108	181.87	2.12	67.37	171.02	84.76	136.8	77.61	201.21	33.27
99.23	11.26	207.41	236.62	144.81	121.84	193.64	121.59	349.41	90.91	69.9	46.37
81.17	22.61	25.72	88.81	135.92	71.23	63.86	175.04	48.08	13.56	20.11	6.33
68.69	17.01	207.99	144.63	71.41	109.74	130.31	131.84	245.28	168.75	13.25	191.27
6.06	19.47	23.36	176.32	150.18	101.91	110.26	114.7	129.85	216.17	200.73	54.83
49.08	30.51	69.39	95.34	179.15	149.52	155.61	224.5	187.5	110.17	22.48	82.08
14.27	207.84	97.87	109.16	111.59	52.6	167.41	167.42	122.66	90.15	74.69	61.5
47.88	120.98	86.02	159.93	323.02	169.41	115.4	72.08	76	288.36	404.79	19.39
92.35	30.44	133.9	108.25	73.4	205.56	161.06	145.88	223.45	48.63	245.38	77.04
43.38	4.33	118.56	214.77	177.07	76.83	87.38	176.58	98.28	374.15	109.45	37.36
32.74	8.62	9.7	143.71	139.62	111.07	100.63	241.3	29.23	201.19	93.65	101.95
57.69	28.44	113.28	170.83	116.68	107.88	174.15	137.53	193.06	62.76	64.42	41.87
34.93	119.31	55.52	63.21	210.02	101.46	171.94	241.7	113.03	138.38	142.48	17.72
23.03	12.4	55.55	115.96	247.9	151.35	199.03	62.52	207.17	121.72	47.49	70.38
56.07	15.97	77.65	49.4	128	211.01	91.44	104.99	111.12	207.89	172.83	56.53
18.44	39.62	158.48	168.48	106.6	118.91	145.58	309.2	66.85	79.84	260.51	83.61
10.74	115.32	7.7	90.34	181.04	77.11	93.31	221.5	80.46	296.3	218.35	170.34
117.03	98.32	99.6	170.1	137.01	129.37	203.93	61.36	119.13	22.17	81.21	76.61
39.1	97.17	239.61	79.27	160.48	162.99	189.21	118.16	265.99	257.92	64.62	88.2
25.51	16.29	10.12	15.98	160.21	168.79	171.02	163.54	124.61	92.1	105.03	92.63
114.52	42.56	14.48	171.7	237.55	170.28	205.33	180.93	144.66	180.55	103.01	59.56
19.53	30.06	76.76	76.93	149.46	171.61	273.62	50.19	98.5	152.18	190.73	8.08
91.44	65.19	121.36	188.04	209.96	162.17	132.47	96.11	52.51	34.63	118.91	7.1
11.32	28.35	48.65	97.69	86.94	134.21	106.56	107.08	244.49	159.43	53.97	76.46
30.68	23.04	53.61	58.74	144.15	85.06	129.17	65.39	250.99	68.21	36.4	57.66
4.85	40.42	10.13	33.25	138.19	139.28	195.37	83.4	154.17	235.44	67.66	43.88
36.11	10.22	80.38	49.69	145.17	41.82	42.27	242.37	78.86	108.5	33.24	121.2
53.77	23.9	83.19	55.4	213.62	247.13	126.19	225.67	106.05	39.02	60.5	27.36
15.27	144.93	191.76	35.55	139.01	122.3	184.56	105.93	132.23	39.22	76.06	67.22
143.02	29.53	3.9	135.94	170.58	175.16	120.81	232.47	117.18	131.9	12.35	23.35
77.35	0.19	29.52	116.72	176.14	37.9	86.82	101.01	62.04	77.56	154.78	60.61
26.93	98.49	15.09	173.56	117.54	111.32	107.1	183.4	147.4	7.05	191.54	131.08
167.64	244.58	122.03	103.55	139.84	158.01	105.92	219.83	99.5	97.11	353.27	31.93
32.48	15.41	63.8	131.84	124.45	101.64	136.32	162.11	209.18	191.75	99.31	57.42
4.82	11.12	0.53	125.46	24.34	194.39	184.16	122.87	173	283.94	14.75	21.05
28.97	44.56	101.29	88.48	183.6	206.94	103.66	211.69	130.73	57.1	67.36	208.86
46.17	113.35	46.41	1.76	127.42	171.77	134.01	58.06	96.37	134.64	37.12	27.4
62.49	7.84	108.97	165.65	88.62	120.39	178.68	202.61	158.35	88.66	35.9	6.46
70.73	80.14	50.18	63.41	105.39	252.99	162	187.07	52.96	53.32	197.27	97.91
26.65	65.83	19.36	152.97	108.91	155.75	140.91	197.02	100.38	172.76	63.4	186.76
20.16	2.37	131.98	104.58	87.11	107.46	129.78	107.22	33.27	175.93	211.11	154.35
93.74	94.25	91.08	34.22	146.29	168.56	220.3	214.33	383.6	387.17	143.34	142.84
73.48	49.54	5.13	122.37	153.17	165.91	102.9	55.37	21.49	135.17	161.37	59.61
55.49	25.98	67.13	175.24	125.3	56.23	57.95	62.85	72.55	43.29	132.11	49.29
53.81	26.59	83.52	123.79	119.36	237.72	117.72	276.88	192.71	71.33	387.69	35.39
15.91	35.07	127.31	122.99	56.45	139.02	69.59	114.53	35.69	173.87	82.11	62.67
51.1	2.63	82.65	24.84	137.13	96.69	185.22	157.02	402.29	23.41	107.65	53.75
15.6	99.63	6.52	131.69	150.72	101.78	235.29	177.17	85.2	255.32	184.82	78.06
13.81	68.01	97.66	99.28	165.9	66.93	118.67	180.8	157.48	103.28	227.3	6.6
30.99	143.73	45.36	137.02	188.56	162.22	120.86	179.23	200.47	67.86	245.12	42.27
76.58	75.3	42.1	50.13	216.52	171.52	104.02	135.68	97.1	0.25	186.67	13.97
118.17	35.14	86.34	93.62	90.07	132.77	66.95	189.64	108.77	80.75	213.6	61.94
92.4	37.83	110.31	102.39	149.02	187.75	99.49	141.32	33.63	19.01	157.99	35.48
52.03	116.75	119.82	111.4	116.9	200.08	140.68	74.38	134.38	63.7	45.7	65.06
51.7	17.24	7.03	88.27	127.41	165.93	247.48	101.69	169.45	115.46	25.79	93.03
42.65	118.54	76.97	85.1	95.3	176.34	96.24	148.01	141.55	65.14	102.25	7.67
92.88	34.82	151.63	141.13	192.81	153.27	95.35	139.21	188.63	81.06	139.61	36.63
12.84	22.13	10.9	85.5	63.74	37.07	167.84	149.37	365.19	385.81	174.47	55.86
196.22	127.22	159.05	141.99	268.49	129.29	192.93	359.1	27.59	190.18	37.74	59.43
157.25	123.44	76.13	133.75	196.5	168.54	147.12	129.19	31.9	113.15	7.64	93.4
125.85	67.54	230.76	107.77	89.92	125.58	144.72	171.8	133.01	324.14	91.98	128.3
67.92	3.75	87.21	9.34	143.23	199.95	166.87	82.22	24.82	303.82	52.61	10.15
10.33	4.87	167.05	63.38	248.84	99.81	264.55	56.75	330.02	118.28	5.19	147.74
18.32	16.42	56.18	6.8	148.45	162.16	147.13	233.24	163.47	181.82	184.9	102.07
28.29	18.18	95.49	194.59	435.21	59.89	51.95	109.22	192.37	42.62	28.98	121.26
26.51	64.09	99.22	78.2	295.08	114.31	22.54	109.88	253.59	150.65	81.2	71.55
137.25	12.53	166.62	94.11	223.65	151.77	136.89	195.45	44.89	25.88	95.36	71.02
130.34	51.42	38.76	397.39	158.05	77.78	93.27	243.38	65.26	18.89	50.35	18.47
26.82	108.1	39.64	95.33	128.87	277.94	320.64	160.68	94.09	217.59	77.48	24.53
108.87	64.54	49.68	65.04	206.09	136.38	146.93	178.25	94.07	234.48	7.17	42.79
0.03	103.16	43.48	344.64	80.1	135.26	120.4	81.88	40.95	10.17	83.05	108.45
45.18	56.51	8.14	142.28	88.12	226.31	56.05	69.59	76.93	201.09	152.36	66.03
37.2	34.22	141.96	49.02	76.55	157.75	102.33	27.3	260.17	113.46	99.22	57.58
27.08	20.61	105.78	135.73	73.22	237.81	134.98	143.47	155.33	213.95	45.29	118.52
1.86	15.58	23.23	72.36	106.69	163.04	132.62	104.01	305.59	413.03	48.56	44.44
161.25	83.79	21.42	77.96	173.5	75.7	125.64	180.11	329.56	76.02	122.43	22.23
59.02	51.82	31.64	139.65	141.28	111.63	84.95	99.07	228.17	16.08	57.36	65.72
120.22	22.5	20.52	45.6	155.59	149.23	144.89	257.82	32.77	151.17	269.78	81.86
65.36	3.49	6.69	43.21	102.28	369.19	122.8	111.85	32.44	22.93	203.04	103.58
46.45	21.24	5.74	229.51	93.89	157.09	173.05	97.75	217.07	179.4	20.19	12.48
63.43	23.63	100.19	123.21	125.49	214.37	106.11	222.93	281.37	213.16	71.32	54.8
4.57	15.62	78.66	191.69	134.53	90.44	215.01	148.04	154.72	337.82	409.36	89.74
163.61	60.49	185.92	74.41	91.22	209.03	171.98	190.25	95.65	112.79	21.38	0.62
13.03	70.12	65.56	49.26	315.48	139.79	153.76	158.49	81.87	99.24	499.73	42.23
33.61	8.55	4.15	58.75	91.45	68.41	132.89	106.59	28.47	174.59	134.74	87.87
22.72	61.32	49.36	100.79	116.89	48.32	127.95	150.02	46.78	215.89	98.46	44.33
8.46	5.82	42.44	107.24	89.16	79.88	87.74	119.05	107.96	90.67	35.07	57.64
32.99	63.14	61.45	76.71	89.66	55.24	141.98	177.11	107.52	102.88	38.61	109.17
61.36	30.02	53.49	15.64	128.21	165.48	108.81	218.65	104.31	19.47	114.02	13.76
104.6	29.7	53.83	205.68	186.95	158.7	263.04	125.38	182.48	152.13	199.38	126.43
63.62	106.84	91.84	170.6	46.72	128.55	189.59	110.01	85.59	69.35	161.68	170.99
30.19	70.91	72.1	61.25	245.47	105.91	80.3	193.54	167.47	150.08	211.62	123.16
40.84	30.78	64.19	16.93	100.6	186.65	196.73	113.15	156.9	80.59	117.67	45.12
53.2	7.34	50.93	213.23	102.03	156.31	129.8	143.81	150.07	116.07	220.28	44.09
32.85	24.68	97.07	188.68	225.61	83.1	97.84	103.22	110.79	238.11	110.83	156.35
209.97	193.59	77.79	72.53	78.3	150.79	211.66	212.08	52.11	155.98	405.6	48.26
104.1	73.45	32.36	58.24	185.76	109.09	82.37	138.03	222.14	162.08	3.64	1.94
48.62	118.1	79.59	116.25	206.29	192.96	155.92	143.59	46.98	111.44	166.06	1.58
10.96	78.93	57.05	108.93	107.23	256.56	81.76	166.5	143.93	10.81	79.21	123.42
70.85	23.25	103.03	118.2	123.38	55.76	119.1	151.98	48.63	280.8	119.83	22.77
21.79	57.33	49.41	188.34	106.75	119.12	106.02	197.54	89.89	191.22	296.11	120.95
8.7	11.84	75.01	58.59	123.25	211.56	67.79	245.28	111.06	259.32	7.63	183.76
87.87	52.34	7.25	59.54	160.19	63.28	224.77	169.46	96.84	87.87	146.14	22.94
18.49	27.02	5.92	61.77	64.42	131.61	91.78	68.99	128.4	136.89	64.78	59.4
33.83	3.91	46.81	96.64	147.35	102.1	160.55	212.5	151.7	290.97	104.34	119.62