Nino 12											
1948	2026										
-1.03	0.09	-0.41	-0.26	-0.36	-1.09	-1.09	-0.78	-0.38	-0.75	-0.47	-1.27
-0.79	-0.44	0.21	-0.29	-0.92	0.05	-1.33	-1.02	-1.24	-1.79	-1.36	-0.59
-1.3	-1.39	-1.05	-1.85	-1.22	-1.47	-1.32	-0.33	-1.07	-0.97	-1.19	-0.78
-0.05	-0.57	-0.98	-0.27	0.28	1.17	1.94	1.13	0.58	0.83	0.88	-0.14
-0.52	-0.26	-0.25	-1.05	-0.34	-0.83	-0.98	-0.91	-0.91	-0.78	-1.05	-0.55
-0.71	0.09	0.54	1.07	0.85	0.31	0.46	0.34	0.31	-0.39	0.05	-0.64
-1.54	-1.24	-1.15	-2.76	-2.44	-1.87	-2.3	-1.37	-1.5	-2.13	-1.25	-1.51
-0.87	-1.15	-1.47	-1.36	-2.17	-1.68	-1.25	-1.27	-1.68	-1.62	-1.82	-1.78
-1	-0.88	-0.51	-1.02	-0.95	-0.75	-0.1	-0.45	-0.95	-1.42	-0.9	-1.53
-1.3	0.2	0.63	1.06	2.11	1.78	1.72	0.98	1.13	0.55	0.71	0.79
0.09	0.32	0.28	0.81	0.38	0.3	0.31	-0.41	-0.51	-0.25	-0.24	-0.54
-0.7	-0.43	0.49	0.12	-0.22	-0.38	-0.62	-0.91	-0.64	-0.53	-0.03	-0.65
-0.42	-0.08	-0.15	-1.33	-0.77	-1.06	-1.18	-0.82	-0.4	-0.85	-0.62	-0.53
-0.32	0.26	-0.87	-0.73	-0.8	-0.54	-1.5	-1.1	-1.09	-0.86	-0.62	-0.76
-0.65	-0.6	-2.01	-1.96	-1.12	-1.15	-1.14	-0.69	-0.88	-1.2	-0.89	-1.33
-0.61	-0.72	-0.56	-1.3	-0.44	-0.39	-0.2	0.18	0.28	-0.16	-0.15	-0.51
-0.67	-1.08	-1.25	-1.06	-2.49	-1.55	-1.56	-1.33	-0.78	-1.44	-0.62	-1.25
-0.7	-0.15	0.07	1.24	1.53	1.34	1.27	1.13	0.4	0.27	0.33	0.42
0.27	-0.53	-1.42	-1.36	-1.46	-1.39	-0.93	-0.93	-0.95	-0.69	-1.03	-0.85
-1.08	-0.59	-1.02	-0.71	-0.65	-1.01	-0.95	-1.45	-1.63	-1.77	-1.54	-1.69
-1.55	-1.49	-1.57	-1.65	-1.65	-1.38	-0.72	-0.28	0.38	-0.26	-0.48	-0.16
-0.33	-0.78	0.24	0.72	1.56	1.07	0.25	-0.43	-0.18	0.37	0.36	0.41
0.24	-0.84	-0.92	-0.95	-1.38	-1.68	-2.12	-1.79	-1.22	-1.31	-1.29	-1.17
-1.48	-1.29	-1.12	-0.52	-1.15	-1.49	-0.89	-0.95	-1.08	-1.31	-0.82	-0.83
-0.09	0.21	0.32	0.72	0.77	1.7	1.73	2	1.17	0.99	1.21	1.34
0.93	0.01	-0.48	-0.83	-1.17	-1.02	-1.12	-1.63	-1.36	-1.27	-1.14	-1.22
-1.14	-1.13	-0.69	-0.33	0.1	-0.67	-0.27	-0.63	-0.72	-1.28	-1.22	-1.53
-1.05	-0.91	-0.4	-0.06	-0.77	-1.07	-0.72	-0.85	-1.39	-1.6	-1.84	-1.73
-0.77	-0.58	-0.41	0.3	0.5	1.09	1.35	0.83	0.87	0.21	0.23	0.09
0.08	-0.41	-0.58	-0.67	-0.87	-0.32	-0.6	-0.96	-0.89	-0.42	-0.39	-0.58
-0.38	-0.51	-1.22	-0.8	-1.17	-1.08	-0.81	-1.28	-0.72	-0.9	-0.05	0.02
0	-0.51	-0.52	-0.04	0.16	0.47	0.03	-0.14	0.52	0.37	0.09	-0.22
-0.31	-0.45	-0.26	-0.06	-0.05	0.13	-0.69	-0.48	-0.4	-0.46	-0.46	-0.89
-1.5	-1.23	-0.54	-0.5	-0.36	-0.51	-0.67	-0.86	-0.66	-0.42	-0.38	-0.35
-0.1	-0.33	-0.75	-0.45	-0.04	0.4	0.45	0.89	1.3	1.6	2.72	2.72
2.49	1.83	1.97	2.88	3.56	3.77	3.24	2.37	1.35	0.86	0.4	0.06
-0.45	-0.59	-0.43	-0.12	-1.18	-0.88	-0.5	-0.71	-0.37	-0.51	-0.18	-0.32
-0.79	-1.18	-0.74	-1.35	-1.57	-0.96	-1.26	-1.08	-1	-0.95	-0.66	-0.4
-0.21	0.01	-0.6	-0.7	-0.92	-0.82	-0.36	-0.03	0.05	0	0.16	0.37
0.84	0.77	1.17	1.22	1.34	0.91	0.91	0.78	0.99	1.12	0.86	0.48
0.08	-0.39	-0.94	-0.85	-1.08	-1.38	-1.08	-1.52	-1.33	-1.21	-0.83	-0.87
-0.31	-0.03	-0.23	-0.08	-0.97	-0.78	-0.61	-0.3	-0.61	-0.6	-0.33	-0.65
-0.59	-0.24	-0.59	-0.68	-0.24	-0.22	-0.69	-0.56	-0.55	-0.89	-0.53	-0.64
-0.57	-0.35	-0.16	-0.17	0.3	0.47	0.72	0.18	0.37	0.48	0.48	0.52
0.44	0.52	0.94	1.69	1.91	0.86	-0.09	-0.22	-0.12	0.09	-0.05	-0.09
-0.03	0.36	0.49	1.08	1.15	0.9	0.4	0.35	0.13	0.35	0.13	-0.17
0.03	-0.33	-0.83	-1.03	-1	-0.62	-0.8	-1.01	-0.17	0.48	0.49	0.63
0.66	0.22	-0.43	-1.01	-1.02	-0.71	-0.69	-0.64	-0.44	-0.68	-0.5	-0.92
-0.64	-0.33	-0.21	-1.51	-0.9	-1.27	-0.55	-0.15	-0.1	-0.19	-0.44	-0.64
-0.28	0.01	0.5	0.99	2.11	2.96	3.46	3.64	3.46	3.28	3.51	3.7
2.92	2.09	2.37	2.64	3.06	2.09	1.08	0.71	0.02	0.45	-0.39	-0.07
-0.53	-0.09	0.1	-1.15	-0.65	-0.99	-0.32	-0.32	-0.85	-0.34	-1.18	-0.37
-0.45	-0.37	-0.28	-0.01	-0.15	-0.4	-0.62	-0.89	0.01	-0.46	-1.05	-0.91
-0.43	-0.43	0.34	0.32	-0.88	-0.86	-0.79	-0.88	-1.21	-1.02	-0.63	-0.69
-0.59	-0.04	0.76	0.41	0.37	0.17	-0.34	0.12	0.09	0.2	0.77	0.77
-0.39	0	-0.07	-0.35	-0.92	-0.9	-0.71	0.17	-0.66	0.03	0.41	0.48
0.22	0.13	-0.68	-0.45	-1.08	-0.58	-0.65	-0.28	0.12	0.16	0.43	0.05
0.04	-0.79	-0.97	-0.29	-0.25	-0.31	-0.11	-0.39	-0.42	-1.09	-1.36	-0.74
-0.2	0.34	0.01	-1.31	-0.27	-0.05	0.33	0.58	0.92	1.22	0.75	0.43
0.35	-0.04	-0.61	-0.82	-1.32	-1.38	-0.5	-0.87	-0.85	-1.45	-1.65	-1.57
-0.19	0.47	0.7	0.69	0.49	0.26	0.71	1.19	0.96	0.14	-0.26	-0.29
-0.08	-0.41	-0.67	0.54	0.22	0.69	0.63	0.75	0.52	0.49	0.41	0.26
0.25	0.43	0.38	0.38	0.3	0.14	-0.6	-1.01	-0.97	-1.15	-1.12	-0.78
-0.3	0.05	-0.51	0.23	0.47	0.74	0.28	-0.13	-0.58	-0.76	-0.54	-0.67
-0.23	0.45	0.02	0.96	0.82	1.07	0.63	0.29	0.26	-0.23	-0.61	-0.9
-0.36	-0.39	-0.35	-1.1	-1.21	-1.33	-1.06	-0.63	-0.71	-0.53	-0.38	-0.28
0.35	-0.36	-0.13	0.12	1.04	1.4	1.15	0.85	0.46	0.47	0.78	0.15
-0.04	-0.5	-0.03	1.02	1.66	2.18	2.26	1.73	2.12	2.21	2.3	2.08
1.56	1.18	1.14	0.52	0.48	0.98	0.29	0.34	0.56	0.33	0.56	0.64
1.07	1.44	1.73	1.07	0.81	0.25	0.06	-0.02	-0.35	-0.53	-0.62	-0.85
-0.87	-0.22	-0.85	-0.37	0.02	-0.12	0.25	0.06	0.41	0.36	0.97	1.05
0.84	0.89	0.29	0.57	0.61	0.14	-0.18	-0.22	-0.34	-0.52	0.11	0.19
0.31	0.29	0.15	0.55	0.21	-0.32	-0.84	-0.51	-0.74	-0.55	-0.5	-0.65
-0.62	-0.52	-0.31	-0.98	-0.46	-0.05	0.05	-0.14	-0.29	-0.61	-0.91	-1.44
-0.62	-0.99	-0.1	-0.97	-1.01	-1.01	-0.42	-0.1	-0.44	-1.22	-0.82	-0.41
-0.17	0.84	1.46	2.47	2.17	2.46	2.57	2.54	2.12	2.18	2.14	1.42
1.27	1.08	0.53	0.24	-0.62	-0.46	-0.43	-0.11	-0.5	0.03	0.08	-0.01
-0.21	0.56	1.01	0.42	0.01	0.27	0.16	0	-0.11	-0.21	-0.34	-0.5