GPCC precip area-mean NW_Peru lat[-6.5,-4.0] lon0360[279.0,281.5]
1950 2019
48.19	105.79	133.96	84.00	53.56	95.84	50.46	30.42	50.94	35.61	39.39	109.00
77.55	68.73	74.72	47.69	61.08	36.00	32.64	29.07	26.35	47.34	46.48	66.76
86.57	63.56	118.43	91.08	45.10	47.37	35.69	27.01	28.76	41.41	48.06	67.74
94.11	129.67	168.14	112.58	76.97	46.02	41.47	21.07	57.36	48.51	76.21	39.81
67.33	65.09	117.53	68.48	44.42	42.78	40.81	30.80	31.51	103.13	48.14	43.82
83.52	120.74	138.71	58.51	91.17	47.36	51.18	28.42	39.06	20.81	47.41	26.00
87.43	110.14	148.74	90.36	63.02	66.71	55.72	31.52	66.12	80.37	22.37	30.01
37.24	129.75	154.12	130.90	75.63	52.31	53.49	30.76	35.61	43.83	59.79	59.31
96.68	89.91	148.38	102.66	64.65	45.90	42.22	26.89	30.42	40.05	18.03	38.35
56.43	102.98	146.31	146.51	59.41	53.70	34.49	33.93	42.50	82.32	74.06	85.98
61.51	125.27	108.92	96.58	85.47	51.07	55.77	33.42	32.87	75.20	72.31	44.87
99.30	58.64	146.62	123.70	73.57	60.28	46.22	28.58	36.17	49.26	43.61	63.94
88.70	131.02	121.32	107.39	67.95	48.15	36.21	26.24	35.18	33.87	37.98	42.41
77.04	82.38	123.67	88.76	60.90	40.26	33.42	24.54	22.10	59.22	51.59	77.07
63.05	72.69	75.14	113.69	68.56	45.28	38.27	48.47	53.31	54.68	59.28	33.48
61.20	82.06	172.58	158.53	104.65	67.07	57.27	29.90	52.68	47.63	87.69	63.61
77.90	54.97	136.14	89.59	75.96	20.18	38.45	26.58	47.93	59.89	42.72	48.39
99.80	127.22	84.04	78.82	61.21	55.81	57.27	32.30	30.54	70.56	29.03	61.06
59.84	58.53	91.26	80.79	51.43	42.39	56.39	32.07	62.54	47.60	26.02	28.79
67.17	91.48	120.90	124.76	55.70	40.66	34.66	43.24	53.03	57.73	92.25	97.43
86.86	77.63	97.64	70.96	77.59	52.06	42.35	35.30	36.78	63.79	53.56	57.43
75.32	94.56	249.92	82.44	86.75	77.17	39.85	57.21	51.77	64.79	45.08	52.97
73.15	79.53	293.23	103.83	65.66	50.31	49.03	26.00	51.93	32.23	59.95	59.74
103.20	112.77	129.35	115.19	69.88	52.19	50.87	47.60	42.74	39.41	43.55	50.13
56.62	91.24	66.73	72.20	45.42	65.33	48.70	33.12	52.16	60.20	62.40	56.63
69.76	119.52	159.87	93.53	78.03	80.40	40.55	57.44	47.01	74.36	42.74	15.59
125.03	123.31	139.56	127.12	78.43	63.12	31.68	34.05	23.71	27.01	30.55	48.45
89.86	143.00	161.51	99.13	45.51	81.60	35.47	33.54	44.93	50.64	38.79	39.01
30.40	44.05	106.34	78.33	66.62	42.45	49.67	25.54	34.80	29.24	40.06	33.34
55.53	54.45	127.45	90.99	48.60	34.94	31.90	39.83	31.69	15.87	23.70	29.48
48.14	60.69	95.19	70.16	46.25	43.91	44.59	16.13	25.27	91.11	58.05	47.34
60.14	112.64	137.43	82.93	50.06	40.97	33.88	32.72	13.21	45.17	34.84	51.84
56.40	53.98	69.26	76.59	68.67	31.27	29.56	25.93	42.78	65.18	72.18	127.24
229.30	124.53	293.00	311.75	255.44	99.43	31.38	22.16	32.52	60.02	59.86	85.62
45.14	224.19	151.76	98.09	74.66	59.30	44.90	46.02	48.44	69.60	60.73	46.86
63.44	54.41	83.31	74.88	78.11	51.12	48.72	38.49	34.03	50.95	40.76	50.99
81.94	75.02	93.50	114.47	66.84	44.48	41.83	34.24	41.12	45.80	49.02	54.89
93.22	100.91	149.49	107.70	60.61	39.62	59.23	38.08	38.26	39.12	50.68	44.35
88.38	91.08	62.65	90.69	58.08	37.33	43.38	26.80	34.41	47.43	61.23	46.73
121.83	124.65	141.79	85.67	48.69	55.03	30.49	34.51	46.60	83.53	25.09	17.25
60.80	63.41	82.17	94.04	63.99	49.64	38.18	19.60	29.48	60.24	75.14	49.69
45.93	62.51	124.81	61.44	50.62	46.61	39.09	28.09	36.28	64.23	47.68	45.83
39.25	64.22	158.78	144.63	67.21	49.01	29.97	34.18	46.55	40.70	50.71	46.49
57.80	135.86	255.05	129.62	52.49	45.29	58.99	35.22	48.33	73.17	45.56	74.12
94.97	97.16	147.05	109.93	60.22	39.72	41.58	25.56	41.75	30.32	55.43	65.99
47.49	52.95	81.02	63.84	66.76	34.53	49.46	22.90	31.02	38.96	64.25	69.63
60.62	73.61	122.49	65.76	59.50	50.95	32.55	31.88	34.98	69.48	20.04	28.53
53.64	82.73	76.28	98.42	56.39	43.01	34.09	26.23	37.21	40.13	75.83	146.74
236.95	289.24	354.48	175.36	91.74	41.77	30.96	27.53	35.76	82.61	43.22	33.38
82.04	225.61	131.88	72.47	92.98	67.41	35.83	30.48	55.60	35.58	34.64	75.76
49.93	124.16	189.51	115.40	67.18	56.96	41.84	34.39	51.51	20.00	20.05	63.56
101.05	76.84	220.01	90.55	64.11	52.12	39.69	28.69	48.74	43.58	41.21	71.50
40.97	83.53	176.10	143.82	52.84	38.61	65.47	22.70	33.90	56.19	72.84	50.82
48.00	66.27	101.24	49.37	64.88	50.64	30.17	21.67	29.94	33.52	38.19	43.07
41.55	44.10	67.91	82.64	84.39	48.04	47.50	21.90	31.01	63.94	61.83	50.53
37.58	72.85	166.07	72.22	51.08	62.08	31.15	24.02	26.41	78.84	37.98	82.73
83.80	127.10	173.65	76.89	40.78	60.40	31.87	27.16	38.98	41.33	68.09	84.26
78.47	22.68	153.99	107.74	55.44	62.17	31.95	44.41	37.79	63.18	86.88	41.54
120.01	202.94	239.91	126.94	61.47	43.45	47.96	32.45	41.49	73.43	57.55	31.41
180.49	113.99	157.07	90.39	58.41	45.03	38.80	36.89	27.50	35.49	53.92	42.19
42.37	99.01	126.65	82.84	79.29	47.18	37.47	27.04	24.68	30.75	39.35	49.34
57.66	91.49	75.94	160.29	50.59	39.08	54.21	19.05	32.27	46.92	51.44	79.78
168.35	221.17	139.62	104.93	57.31	52.76	29.46	28.64	26.49	61.08	79.39	42.78
53.27	52.08	103.10	38.08	89.46	58.12	48.69	37.12	31.24	73.47	18.26	43.03
61.58	82.71	141.73	41.42	103.01	52.50	36.42	30.74	48.27	49.80	43.31	40.47
111.40	31.23	212.51	82.83	47.33	51.30	34.89	24.12	29.97	38.93	52.16	25.97
84.10	76.51	128.45	98.08	58.05	53.12	42.91	26.12	46.15	34.44	33.85	57.82
99.86	154.57	307.33	103.15	79.64	51.02	36.38	35.38	31.00	37.76	39.36	50.98
74.60	79.82	98.89	75.91	69.77	44.32	34.18	26.65	32.40	33.06	87.22	53.60
64.17	101.30	125.16	85.65	65.12	45.79	46.83	36.10	26.91	47.45	40.76	69.54
