GPCC precip area-mean SW_USA lat[31.0,37.0] lon0360[249.0,256.0]
1950 2019
9.24	12.02	6.83	4.82	3.90	22.59	90.20	21.70	41.55	10.39	3.00	1.77
19.92	10.61	15.53	22.37	12.62	4.60	38.56	63.59	10.20	26.19	13.84	27.41
23.43	10.59	25.34	32.49	13.02	28.51	51.17	51.02	27.43	1.17	30.51	13.90
4.42	16.93	21.26	14.37	11.42	13.12	66.69	33.59	5.13	15.77	13.17	10.58
12.27	5.19	28.88	5.66	23.87	12.38	54.29	68.50	38.91	31.85	2.44	6.37
22.73	9.94	6.45	6.99	19.54	14.18	80.58	68.66	17.78	16.38	6.20	9.98
19.03	18.05	2.43	6.59	8.63	12.75	45.06	34.11	4.66	11.30	2.41	4.65
33.85	15.78	24.28	17.27	26.94	10.80	65.84	90.13	7.51	65.92	24.11	6.56
15.41	26.62	55.69	26.37	14.25	20.23	43.72	62.06	79.95	37.56	13.10	4.52
4.63	13.11	3.99	15.33	20.45	23.84	50.60	89.08	7.17	46.17	11.02	37.90
30.57	15.08	10.22	4.29	11.10	24.83	61.11	33.30	20.49	60.76	4.53	29.72
17.42	6.63	23.79	10.13	7.26	17.33	44.13	70.14	43.16	27.02	30.31	31.60
26.14	14.20	13.53	7.36	4.03	15.13	69.29	13.71	66.47	28.66	21.54	22.28
14.24	23.14	9.39	7.91	8.21	10.83	36.81	93.25	36.94	19.95	15.70	4.76
5.89	13.44	17.80	15.81	12.18	6.70	54.14	50.21	59.51	4.45	13.72	17.35
22.52	19.05	15.23	17.74	21.32	33.07	64.48	48.40	48.14	11.42	15.99	63.76
16.05	15.84	5.29	11.80	6.65	41.32	49.85	85.47	38.66	7.00	8.72	15.85
4.10	7.20	8.97	5.38	10.00	38.40	67.77	76.75	41.77	5.33	12.25	52.63
13.12	24.45	30.19	11.98	10.78	4.47	77.42	72.86	7.61	11.90	25.23	18.82
15.51	15.38	16.69	12.23	28.62	17.19	63.47	61.50	42.34	46.32	12.97	22.47
4.24	12.09	28.01	11.24	7.11	18.87	53.83	48.14	40.16	22.03	4.27	8.75
6.55	10.62	11.10	10.70	6.63	4.72	56.32	76.09	46.50	47.72	16.79	30.54
4.47	2.48	1.92	2.09	13.18	40.21	52.29	81.35	56.22	100.22	21.15	19.43
21.96	35.22	44.02	11.57	26.17	16.68	66.23	30.53	15.97	6.20	8.31	3.52
28.06	5.43	10.44	6.59	4.29	6.19	61.53	58.77	66.59	77.07	9.13	14.98
18.59	20.59	25.42	14.20	8.98	6.18	69.60	30.58	70.33	4.24	15.56	14.51
6.04	20.84	8.68	15.64	28.21	11.71	68.48	34.65	53.01	19.81	11.74	4.31
24.19	8.48	12.67	21.85	11.79	15.41	66.45	66.57	31.73	31.16	12.02	9.99
34.78	29.58	30.79	6.30	30.38	30.33	31.62	43.30	45.73	38.35	60.37	44.78
44.25	14.77	17.17	10.26	42.13	34.45	41.57	61.33	19.04	10.95	12.95	17.64
32.86	40.53	18.27	16.40	18.87	4.72	27.03	52.79	58.84	10.35	7.49	6.86
15.53	11.84	32.45	17.28	22.96	26.56	70.19	63.21	37.24	26.79	15.03	1.71
26.91	22.94	19.83	6.33	24.54	10.29	51.15	67.15	51.89	8.74	29.99	47.71
28.23	22.73	37.17	16.53	10.20	13.38	49.95	44.85	57.27	51.41	29.65	22.44
13.32	2.64	14.84	13.46	15.03	38.29	53.54	97.91	35.99	61.86	16.91	56.59
31.06	16.45	30.49	37.88	15.03	20.13	54.87	46.40	60.89	65.01	20.44	5.09
3.69	27.01	22.32	11.88	24.10	60.63	65.88	70.65	40.52	47.70	51.91	39.57
21.12	31.55	14.38	13.39	31.24	29.92	37.07	78.08	23.29	16.00	21.58	35.86
17.98	18.30	4.68	34.34	14.89	32.31	69.20	95.77	42.35	18.02	11.70	11.15
18.63	14.55	12.31	2.50	10.61	9.72	58.61	61.17	21.67	24.30	0.69	7.71
13.71	18.14	17.24	21.30	13.45	6.40	84.02	70.77	66.54	17.85	27.53	32.01
19.84	17.53	28.70	2.29	14.79	21.59	75.16	73.76	58.10	10.98	32.20	67.72
27.30	18.25	29.16	13.55	77.46	19.99	55.54	68.68	19.94	18.96	9.62	47.52
66.99	31.83	17.72	5.87	16.13	13.10	38.11	98.78	16.28	24.49	19.95	7.35
6.13	16.19	24.30	15.77	40.85	12.35	35.89	50.95	37.40	33.17	42.61	35.33
29.74	20.37	19.92	14.30	18.17	20.85	29.28	51.57	52.91	2.62	7.89	9.71
7.91	14.93	4.88	5.50	2.17	46.66	65.52	61.37	58.65	32.80	14.24	2.85
32.79	23.11	5.98	33.33	26.35	31.54	53.05	59.65	58.56	21.95	19.52	47.00
6.62	29.50	34.30	13.00	1.59	4.01	84.45	44.89	20.76	65.77	18.82	9.77
7.67	2.41	13.71	29.75	21.52	26.98	88.60	85.32	40.25	6.52	0.32	6.27
5.51	5.57	33.94	6.50	2.13	51.66	34.81	52.79	7.12	84.67	30.84	8.94
28.64	16.90	17.82	15.25	17.62	15.05	50.21	58.10	21.10	6.82	14.72	12.16
10.24	10.00	6.74	5.71	2.73	11.49	56.50	40.72	59.66	31.10	10.96	28.80
3.10	33.89	17.20	3.93	5.27	16.66	28.62	39.34	25.36	24.77	21.31	7.04
17.41	22.89	20.77	59.21	3.74	17.63	49.09	54.11	48.97	34.70	38.20	21.32
44.53	55.25	23.36	18.98	21.09	8.47	26.27	69.92	38.34	30.92	1.05	1.84
4.31	3.10	16.83	6.43	6.51	18.33	85.21	107.73	57.86	46.47	2.69	17.44
27.23	14.09	19.72	17.69	35.55	19.06	67.05	53.35	38.46	5.93	10.22	38.82
19.97	16.23	3.95	3.46	18.60	10.31	100.51	62.12	32.10	20.91	9.60	25.16
7.97	7.26	9.82	8.83	22.12	28.69	50.39	28.15	38.84	20.61	8.97	21.76
45.59	28.56	20.21	18.06	7.07	14.13	87.23	55.29	32.71	19.01	1.82	20.60
3.06	9.76	5.33	8.63	6.00	4.82	45.06	45.57	37.35	30.72	17.12	34.90
9.58	12.03	12.16	11.08	14.88	6.17	51.65	41.61	26.23	7.83	6.44	16.74
19.53	10.30	9.69	5.14	5.98	9.86	89.24	58.14	93.14	10.13	28.01	12.68
5.35	7.34	14.14	9.67	16.80	8.57	66.81	67.10	78.19	21.10	9.52	25.38
35.09	20.48	20.77	14.11	44.33	33.00	67.56	50.10	33.85	62.57	14.07	17.39
20.15	8.05	7.37	23.54	15.42	18.50	37.33	85.85	42.75	8.17	29.84	27.91
40.22	18.25	12.99	13.12	13.16	14.86	77.86	56.67	49.36	11.68	4.83	9.66
8.79	21.16	10.15	4.68	7.58	18.03	61.32	47.20	40.60	66.81	4.27	19.58
17.67	30.09	27.34	16.05	18.56	12.69	36.35	38.14	34.30	22.30	59.02	25.36
